0.1101 0.0500 0.0427 2024 1
0.1120 0.0570 0.0419 2758 1
0.1062 0.0478 0.0420 2071 1
0.1097 0.0582 0.0417 2784 1
0.1108 0.0467 0.0399 2460 1
0.1025 0.0503 0.0454 2323 1
0.1096 0.0509 0.0404 3118 1
0.1028 0.0583 0.0526 2698 1
0.0985 0.0605 0.0538 2874 1
0.0982 0.0594 0.0514 3446 1
0.1085 0.0439 0.0415 2324 1
0.1084 0.0460 0.0426 2450 1
0.1087 0.0433 0.0428 2270 1
0.1044 0.0539 0.0401 2601 1
0.1050 0.0515 0.0398 2453 1
0.1028 0.0511 0.0390 2140 1
0.1056 0.0526 0.0411 2671 1
0.1030 0.0534 0.0382 2178 1
0.0997 0.0498 0.0393 2264 1
0.1139 0.0481 0.0383 2804 1
0.1101 0.0500 0.0427 2024 1
0.1120 0.0570 0.0419 2758 1
0.1062 0.0478 0.0420 2071 1
0.1097 0.0582 0.0417 2784 1
0.1108 0.0467 0.0399 2460 1
0.1025 0.0503 0.0454 2323 1
0.1096 0.0509 0.0404 3118 1
0.1028 0.0583 0.0526 2698 1
0.0985 0.0605 0.0538 2874 1
0.0982 0.0594 0.0514 3446 1
0.1085 0.0439 0.0415 2324 1
0.1084 0.0460 0.0426 2450 1
0.1087 0.0433 0.0428 2270 1
0.1044 0.0539 0.0401 2601 1
0.1050 0.0515 0.0398 2453 1
0.1028 0.0511 0.0390 2140 1
0.1056 0.0526 0.0411 2671 1
0.1030 0.0534 0.0382 2178 1
0.0997 0.0498 0.0393 2264 1
0.1139 0.0481 0.0383 2804 1
0.1096 0.0515 0.0415 2898 1
0.1127 0.0495 0.0432 2793 1
0.1061 0.0504 0.0502 2699 1
0.1051 0.0509 0.0401 2012 1
0.1033 0.0508 0.0429 2440 1
0.1033 0.0477 0.0397 2338 1
0.1055 0.0482 0.0400 2151 1
0.1081 0.0481 0.0401 2235 1
0.1055 0.0510 0.0430 2465 1
