0.0400 0.0283 0.0154 306 5
0.0256 0.0220 0.0217 202 5
0.0223 0.0220 0.0220 196 5
0.0256 0.0251 0.0214 179 5
0.0270 0.0242 0.0209 198 5
0.0300 0.0246 0.0208 299 5
0.0331 0.0320 0.0214 253 5
0.0262 0.0231 0.0197 171 5
0.0354 0.0302 0.0206 180 5
0.0398 0.0261 0.0162 376 5
0.0390 0.0300 0.0113 395 5
0.0377 0.0311 0.0107 306 5
0.0380 0.0285 0.0103 350 5
0.0422 0.0301 0.0120 321 5
0.0346 0.0311 0.0162 221 5
0.0385 0.0287 0.0138 340 5
0.0380 0.0310 0.0127 379 5
0.0352 0.0310 0.0143 249 5
0.0340 0.0310 0.0147 384 5
0.0392 0.0308 0.0129 275 5
0.0297 0.0277 0.0193 196 5
0.0335 0.0210 0.0198 197 5
