0.0387 0.0340 0.0318 828 4
0.0418 0.0325 0.0325 751 4
0.0414 0.0343 0.0316 824 4
0.0382 0.0342 0.0323 869 4
0.0433 0.0411 0.0308 929 4
0.0412 0.0339 0.0304 694 4
0.0387 0.0338 0.0310 788 4
0.0424 0.0391 0.0318 861 4
0.0395 0.0328 0.0307 793 4
0.0430 0.0337 0.0328 874 4
0.0419 0.0360 0.0328 973 4
0.0393 0.0372 0.0307 892 4
0.0396 0.0309 0.0302 683 4
0.0401 0.0338 0.0310 730 4
0.0405 0.0392 0.0327 798 4
0.0412 0.0342 0.0309 875 4
0.0398 0.0351 0.0331 826 4
0.0384 0.0374 0.0327 852 4
0.0398 0.0353 0.0311 842 4
0.0429 0.0347 0.0323 921 4
0.0388 0.0375 0.0311 699 4
0.0381 0.0354 0.0311 693 4
0.0404 0.0345 0.0332 726 4
0.0419 0.0330 0.0317 877 4
0.0375 0.0334 0.0330 774 4
0.0383 0.0360 0.0324 792 4
0.0395 0.0319 0.0308 788 4
0.0404 0.0332 0.0318 765 4
0.0407 0.0358 0.0311 627 4
0.0372 0.0338 0.0310 787 4
0.0411 0.0318 0.0295 716 4
0.0448 0.0326 0.0323 851 4
0.0421 0.0338 0.0309 858 4
0.0427 0.0326 0.0313 728 4
0.0436 0.0341 0.0309 804 4
0.0401 0.0333 0.0328 757 4
0.0391 0.0342 0.0335 738 4
0.0431 0.0336 0.0334 1028 4
0.0421 0.0336 0.0310 868 4
0.0392 0.0324 0.0307 856 4
0.0422 0.0338 0.0311 776 4
0.0482 0.0345 0.0334 939 4
0.0445 0.0342 0.0318 871 4
0.0447 0.0436 0.0336 824 4
0.0475 0.0363 0.0336 861 4
0.0475 0.0431 0.0332 846 4
0.0502 0.0371 0.0335 850 4
0.0440 0.0344 0.0338 898 4
0.0517 0.0378 0.0348 904 4
0.0471 0.0334 0.0323 854 4
0.0515 0.0360 0.0327 953 4
0.0452 0.0360 0.0350 986 4
0.0445 0.0367 0.0336 863 4
0.0434 0.0328 0.0324 776 4
0.0517 0.0364 0.0348 966 4
0.0482 0.0403 0.0341 846 4
0.0473 0.0347 0.0334 860 4
0.0441 0.0344 0.0333 803 4
0.0488 0.0351 0.0334 929 4
0.0481 0.0382 0.0332 884 4
0.0467 0.0375 0.0350 883 4
0.0476 0.0346 0.0329 898 4
0.0766 0.0502 0.0326 854 4
0.0447 0.0361 0.0339 867 4
0.0465 0.0345 0.0327 792 4
0.0454 0.0361 0.0352 861 4
0.0487 0.0377 0.0330 967 4
0.0508 0.0356 0.0325 900 4
0.0456 0.0371 0.0330 814 4
0.0491 0.0416 0.0337 887 4
0.0508 0.0359 0.0325 854 4
0.0456 0.0405 0.0356 846 4
0.0467 0.0377 0.0361 871 4
0.0429 0.0297 0.0250 449 4
0.0431 0.0315 0.0270 622 4
0.0409 0.0313 0.0236 337 4
0.0499 0.0315 0.0256 624 4
0.0411 0.0296 0.0235 402 4
0.0425 0.0316 0.0256 420 4
0.0416 0.0306 0.0293 434 4
0.0403 0.0315 0.0261 477 4
0.0404 0.0292 0.0238 551 4
0.0490 0.0331 0.0262 499 4
0.0482 0.0290 0.0255 467 4
0.0403 0.0319 0.0270 563 4
0.0446 0.0308 0.0262 439 4
0.0434 0.0319 0.0272 546 4
0.0462 0.0335 0.0284 564 4
0.0410 0.0302 0.0273 547 4
0.0453 0.0313 0.0258 560 4
0.0395 0.0323 0.0256 482 4
0.0403 0.0306 0.0270 510 4
0.0415 0.0318 0.0270 516 4
0.0414 0.0340 0.0270 487 4
0.0402 0.0318 0.0247 525 4
0.0415 0.0324 0.0261 541 4
0.0418 0.0332 0.0255 542 4
0.0406 0.0306 0.0255 403 4
0.0426 0.0330 0.0262 602 4
0.0480 0.0314 0.0235 542 4
0.0497 0.0312 0.0264 595 4
0.0411 0.0331 0.0241 564 4
0.0501 0.0322 0.0270 617 4
0.0408 0.0309 0.0270 544 4
0.0459 0.0326 0.0262 565 4
0.0403 0.0316 0.0261 504 4
0.0514 0.0304 0.0250 479 4
0.0421 0.0330 0.0255 543 4
0.0523 0.0310 0.0275 517 4
0.0410 0.0311 0.0267 556 4
0.0398 0.0282 0.0279 483 4
0.0463 0.0329 0.0250 536 4
0.0410 0.0308 0.0256 483 4
0.0418 0.0309 0.0262 594 4
0.0411 0.0309 0.0244 511 4
0.0416 0.0307 0.0268 554 4
0.0416 0.0322 0.0276 637 4
0.0419 0.0264 0.0215 160 4
0.0456 0.0310 0.0247 277 4
0.0565 0.0323 0.0315 560 4
0.0483 0.0298 0.0284 291 4
0.0503 0.0287 0.0244 278 4
0.0532 0.0277 0.0272 261 4
0.0517 0.0323 0.0300 583 4
0.0549 0.0285 0.0259 326 4
0.0534 0.0284 0.0264 336 4
0.0575 0.0305 0.0296 362 4
0.0513 0.0302 0.0295 446 4
0.0572 0.0294 0.0282 494 4
0.0567 0.0290 0.0252 337 4
0.0543 0.0316 0.0281 228 4
0.0540 0.0268 0.0264 228 4
0.0469 0.0302 0.0262 353 4
0.0512 0.0283 0.0268 265 4
0.0540 0.0283 0.0267 422 4
0.0490 0.0286 0.0256 270 4
