0.2008 0.0278 0.0219 1418 6
0.2002 0.0277 0.0234 1240 6
0.2026 0.0296 0.0251 1446 6
0.2013 0.0276 0.0267 1343 6
0.1986 0.0285 0.0238 1485 6
0.2016 0.0302 0.0241 1500 6
0.2078 0.0309 0.0253 1462 6
0.2036 0.0298 0.0262 1382 6
0.2044 0.0276 0.0247 1383 6
0.1888 0.0307 0.0288 1560 6
0.1864 0.0310 0.0295 1511 6
0.1866 0.0299 0.0286 1591 6
0.1882 0.0311 0.0288 1456 6
0.1881 0.0291 0.0288 1350 6
0.1872 0.0291 0.0283 1527 6
0.1901 0.0312 0.0300 1511 6
0.1889 0.0311 0.0286 1598 6
0.1869 0.0301 0.0299 1426 6
0.1878 0.0315 0.0290 1597 6
0.1869 0.0314 0.0270 1535 6
0.1872 0.0310 0.0280 1402 6
0.1882 0.0321 0.0278 1535 6
0.1865 0.0322 0.0296 1370 6
0.1852 0.0309 0.0284 1551 6
0.1934 0.1433 0.0176 8073 6
0.1861 0.0314 0.0280 1439 6
