0.0530 0.0467 0.0250 996 0
0.0509 0.0491 0.0247 915 0
0.0520 0.0460 0.0256 816 0
0.0516 0.0454 0.0250 842 0
0.0510 0.0473 0.0231 873 0
0.0523 0.0463 0.0259 881 0
0.0510 0.0480 0.0253 967 0
0.0502 0.0488 0.0234 831 0
0.0511 0.0508 0.0272 1049 0
0.0533 0.0484 0.0235 939 0
0.0488 0.0481 0.0246 741 0
0.0527 0.0455 0.0250 682 0
0.0501 0.0472 0.0257 757 0
0.0509 0.0489 0.0256 898 0
0.0505 0.0477 0.0253 794 0
0.0500 0.0470 0.0244 734 0
0.0511 0.0484 0.0251 898 0
0.0530 0.0490 0.0248 791 0
0.0514 0.0502 0.0231 757 0
0.0527 0.0472 0.0245 892 0
0.0503 0.0487 0.0247 710 0
0.0520 0.0470 0.0259 806 0
0.0520 0.0502 0.0253 899 0
0.0516 0.0488 0.0246 814 0
0.0530 0.0480 0.0266 946 0
0.0536 0.0480 0.0235 884 0
0.0540 0.0490 0.0268 953 0
0.0510 0.0490 0.0234 858 0
0.0500 0.0493 0.0262 954 0
0.0508 0.0500 0.0247 934 0
0.0526 0.0491 0.0281 1025 0
0.0528 0.0484 0.0250 827 0
0.0533 0.0476 0.0254 882 0
0.0521 0.0483 0.0236 943 0
0.0505 0.0500 0.0254 992 0
0.0510 0.0507 0.0257 1128 0
0.0513 0.0482 0.0225 904 0
0.0536 0.0495 0.0252 1110 0
0.0488 0.0481 0.0277 1054 0
0.0514 0.0496 0.0235 1008 0
0.0514 0.0487 0.0277 1157 0
0.0495 0.0480 0.0257 863 0
0.0523 0.0482 0.0240 1003 0
0.0510 0.0498 0.0252 1091 0
0.0544 0.0509 0.0277 1502 0
0.0463 0.0447 0.0361 869 0
0.0491 0.0450 0.0364 1050 0
0.0477 0.0475 0.0336 824 0
0.0450 0.0438 0.0380 778 0
0.0477 0.0453 0.0384 852 0
0.0516 0.0435 0.0356 885 0
0.0445 0.0399 0.0373 620 0
0.0469 0.0419 0.0360 762 0
0.0470 0.0444 0.0382 997 0
0.0462 0.0402 0.0359 556 0
0.0653 0.0529 0.0386 761 0
0.0683 0.0491 0.0395 1115 0
0.0587 0.0492 0.0366 953 0
0.0619 0.0480 0.0365 661 0
0.0648 0.0496 0.0353 870 0
0.0582 0.0478 0.0370 858 0
0.0471 0.0462 0.0380 884 0
0.0448 0.0407 0.0373 757 0
0.0449 0.0388 0.0378 712 0
0.0496 0.0464 0.0407 793 0
0.0558 0.0464 0.0366 590 0
0.0579 0.0440 0.0299 895 0
0.0575 0.0426 0.0322 893 0
0.0584 0.0442 0.0298 918 0
0.0585 0.0432 0.0316 899 0
0.0543 0.0437 0.0300 750 0
0.0689 0.0420 0.0297 887 0
0.0510 0.0484 0.0284 738 0
0.0514 0.0480 0.0254 929 0
0.0533 0.0456 0.0259 654 0
0.0485 0.0458 0.0191 642 0
0.0595 0.0443 0.0268 847 0
0.0519 0.0461 0.0274 854 0
0.0536 0.0457 0.0294 939 0
0.0572 0.0427 0.0335 760 0
0.0568 0.0427 0.0353 736 0
0.0519 0.0419 0.0344 862 0
0.0460 0.0454 0.0248 709 0
0.0523 0.0459 0.0253 790 0
0.0508 0.0463 0.0265 755 0
0.0527 0.0478 0.0231 760 0
0.0496 0.0449 0.0209 734 0
0.0484 0.0460 0.0275 660 0
0.0487 0.0445 0.0211 726 0
0.0535 0.0455 0.0292 887 0
0.0558 0.0521 0.0265 918 0
0.0502 0.0484 0.0258 809 0
0.0533 0.0428 0.0251 807 0
0.0555 0.0419 0.0261 837 0
