0.1172 0.0549 0.0412 3211 0.000552 1
0.1125 0.0578 0.0426 3027 0.000566 1
0.1186 0.0519 0.0436 2721 0.000550 1
0.1038 0.0520 0.0411 2192 0.000521 1
0.1100 0.0496 0.0422 2604 0.000532 1
0.1120 0.0523 0.0475 2587 0.000610 1
0.1115 0.0507 0.0430 2362 0.000623 1
0.1114 0.0523 0.0444 2484 0.000597 1
0.1089 0.0544 0.0440 2492 0.000614 1
0.1046 0.0526 0.0432 2175 0.000600 1
0.1040 0.0511 0.0420 2161 0.000591 1
0.1084 0.0204 0.0196 833 0.000305 2
0.1059 0.0222 0.0167 777 0.000312 2
0.1061 0.0204 0.0182 695 0.000316 2
0.1083 0.0213 0.0175 968 0.000352 2
0.1081 0.0212 0.0210 849 0.000336 2
0.1090 0.0253 0.0208 1129 0.000284 2
0.1079 0.0222 0.0172 1013 0.000279 2
0.0939 0.0250 0.0182 854 0.000337 2
0.0935 0.0255 0.0170 739 0.000337 2
0.0967 0.0260 0.0187 953 0.000368 2
0.0971 0.0263 0.0185 1046 0.000338 2
0.1025 0.0250 0.0205 818 0.000490 2
0.1035 0.0241 0.0227 765 0.000489 2
0.1066 0.0255 0.0219 985 0.000436 2
0.1059 0.0246 0.0207 928 0.000535 2
0.1035 0.0251 0.0199 740 0.000443 2
0.1017 0.0261 0.0234 879 0.000395 2
0.1017 0.0259 0.0219 779 0.000366 2
0.1001 0.0257 0.0198 771 0.000290 2
0.0952 0.0262 0.0187 729 0.000438 2
0.0882 0.0308 0.0243 706 0.000444 2
0.0914 0.0300 0.0248 767 0.000435 2
0.0920 0.0341 0.0257 823 0.000443 2
0.0892 0.0348 0.0262 716 0.000441 2
0.1074 0.0244 0.0185 749 0.000475 2
0.1051 0.0247 0.0188 760 0.000484 2
0.1060 0.0245 0.0185 693 0.000451 2
0.1061 0.0246 0.0188 734 0.000490 2
0.1061 0.0233 0.0203 780 0.000493 2
0.1029 0.0235 0.0200 786 0.000318 2
0.1039 0.0277 0.0179 803 0.000388 2
0.1060 0.0252 0.0190 737 0.000351 2
0.0990 0.0310 0.0166 856 0.000502 2
0.1020 0.0315 0.0209 1341 0.000469 2
0.0506 0.0327 0.0303 620 0.000321 4
0.0507 0.0283 0.0246 718 0.000321 4
0.0505 0.0278 0.0236 575 0.000323 4
0.0575 0.0326 0.0244 823 0.000290 4
0.0506 0.0288 0.0233 571 0.000292 4
0.0522 0.0305 0.0238 581 0.000347 4
0.0509 0.0263 0.0234 541 0.000354 4
0.0501 0.0294 0.0237 795 0.000314 4
0.0570 0.0285 0.0267 503 0.000254 4
0.0555 0.0274 0.0247 487 0.000258 4
0.0546 0.0286 0.0270 517 0.000257 4
0.0551 0.0345 0.0301 621 0.000259 4
0.0515 0.0375 0.0289 488 0.000260 4
0.0525 0.0393 0.0312 504 0.000279 4
0.0515 0.0273 0.0223 411 0.000351 4
0.0494 0.0285 0.0207 433 0.000380 4
0.0516 0.0258 0.0216 413 0.000334 4
0.0529 0.0256 0.0253 392 0.000353 4
0.0530 0.0285 0.0235 455 0.000321 4
0.0525 0.0274 0.0242 491 0.000335 4
0.0530 0.0267 0.0267 506 0.000375 4
0.0505 0.0274 0.0241 641 0.000328 4
0.0518 0.0259 0.0211 398 0.000333 4
0.0494 0.0287 0.0190 535 0.000332 4
0.0506 0.0269 0.0202 554 0.000320 4
0.0487 0.0266 0.0224 544 0.000354 4
0.0505 0.0264 0.0228 523 0.000359 4
0.0509 0.0260 0.0218 534 0.000275 4
0.0506 0.0289 0.0213 316 0.000336 4
0.0509 0.0270 0.0218 547 0.000351 4
0.0493 0.0249 0.0240 540 0.000351 4
0.0487 0.0279 0.0223 529 0.000352 4
0.0487 0.0252 0.0221 499 0.000355 4
0.0491 0.0289 0.0222 541 0.000352 4
0.0485 0.0269 0.0228 396 0.000352 4
0.0482 0.0266 0.0262 256 0.000374 4
0.0496 0.0291 0.0259 265 0.000211 4
0.0432 0.0289 0.0274 385 0.000369 4
0.0398 0.0297 0.0258 305 0.000361 4
0.0528 0.0368 0.0291 714 0.000377 4
0.0500 0.0328 0.0254 657 0.000353 4
0.0540 0.0370 0.0285 706 0.000405 4
0.0461 0.0309 0.0235 221 0.000252 4
0.0441 0.0316 0.0267 299 0.000180 4
0.0512 0.0307 0.0286 653 0.000350 4
0.0479 0.0308 0.0281 662 0.000344 4
0.0489 0.0301 0.0239 500 0.000287 4
0.0515 0.0319 0.0247 676 0.000297 4
0.0487 0.0411 0.0357 802 0.000320 4
0.0535 0.0289 0.0233 480 0.000260 4
0.0452 0.0309 0.0243 299 0.000252 4
0.0496 0.0317 0.0244 385 0.000269 4
0.0516 0.0289 0.0287 525 0.000351 4
0.0493 0.0346 0.0290 614 0.000347 4
